exporter_Min,exporter_Max,exporter_Count,year_Min,year_Max,year_Count,product,product_Mean,tradevalue_Mean,tradeshare_Mean,expgrowth_Mean,developing_Sum,developing_Mean,contcrisis_Sum,contcrisis_Mean,Derive1_Mean,Record_Count
"ARG","TUN",935,"1980","2e3",935,3111,3111.000,67856.585,0.010,0.030,77,0.082,17,0.018,623.864,935
"ARG","USA",966,"1980","2e3",966,3112,3112.000,81294.303,0.005,0.065,66,0.068,19,0.020,1034.923,966
"ARG","USA",935,"1980","2e3",935,3113,3113.000,92665.443,0.008,0.036,55,0.059,20,0.021,1951.217,935
"ARG","USA",946,"1980","2e3",946,3114,3114.000,96112.715,0.007,0.056,31,0.033,18,0.019,1842.520,946
"ARG","TUN",840,"1980","2e3",840,3115,3115.000,126872.202,0.044,0.056,95,0.113,16,0.019,2508.499,840
"ARG","TUN",1006,"1980","2e3",1006,3116,3116.000,52903.592,0.005,-0.064,92,0.091,20,0.020,737.088,1006
"ARG","USA",979,"1980","2e3",979,3117,3117.000,60445.427,0.002,0.107,83,0.085,20,0.020,827.047,979
"ARG","USA",980,"1980","2e3",980,3118,3118.000,53988.754,0.018,-0.019,63,0.064,19,0.019,582.550,980
"ARG","USA",1029,"1980","2e3",1029,3119,3119.000,85017.542,0.004,0.046,72,0.070,20,0.019,801.130,1029
"ARG","USA",969,"1980","2e3",969,3121,3121.000,95140.696,0.009,0.089,66,0.068,20,0.021,1293.116,969
"ARG","USA",917,"1980","2e3",917,3122,3122.000,30962.601,0.002,0.062,43,0.047,21,0.023,273.759,917
"ARG","USA",330,"1980","2e3",330,3131,3131.000,4746.871,0.000,-0.205,2,0.006,2,0.006,13.807,330
"ARG","USA",774,"1980","2e3",774,3132,3132.000,61908.413,0.003,0.067,24,0.031,18,0.023,287.241,774
"ARG","USA",993,"1980","2e3",993,3133,3133.000,30608.940,0.001,0.035,60,0.060,20,0.020,628.788,993
"ARG","USA",981,"1980","2e3",981,3134,3134.000,69951.252,0.002,0.103,39,0.040,20,0.020,667.318,981
"ARG","TUN",950,"1980","2e3",950,3140,3140.000,29810.443,0.003,0.018,55,0.058,20,0.021,837.932,950
"ARG","TUN",831,"1980","2e3",831,3211,3211.000,127273.616,0.017,0.009,92,0.111,16,0.019,2568.099,831
"ARG","USA",985,"1980","2e3",985,3212,3212.000,126556.637,0.006,0.055,82,0.083,20,0.020,2787.732,985
"ARG","USA",772,"1980","2e3",772,3213,3213.000,34506.738,0.000,-0.090,8,0.010,10,0.013,275.647,772
"ARG","USA",988,"1980","2e3",988,3214,3214.000,47929.222,0.021,0.031,70,0.071,18,0.018,329.659,988
"ARG","USA",970,"1980","2e3",970,3215,3215.000,20545.967,0.002,0.009,41,0.042,20,0.021,259.005,970
"ARG","USA",929,"1980","2e3",929,3219,3219.000,84021.349,0.002,0.001,46,0.050,18,0.019,1043.782,929
"ARG","USA",754,"1980","2e3",754,3220,3220.000,187446.628,0.035,0.002,78,0.103,18,0.024,4516.550,754
"ARG","USA",970,"1980","2e3",970,3231,3231.000,81376.770,0.011,-0.027,72,0.074,18,0.019,876.483,970
"ARG","USA",708,"1980","2e3",708,3232,3232.000,16676.999,0.000,-0.029,8,0.011,11,0.016,193.071,708
"ARG","USA",979,"1980","2e3",979,3233,3233.000,73874.606,0.005,0.039,68,0.069,21,0.021,973.958,979
"ARG","USA",893,"1980","2e3",893,3240,3240.000,71584.317,0.005,-0.023,58,0.065,18,0.020,748.578,893
"ARG","TUN",788,"1980","2e3",788,3311,3311.000,111795.174,0.020,0.006,87,0.110,15,0.019,1526.565,788
"ARG","USA",1005,"1980","2e3",1005,3312,3312.000,15648.360,0.001,0.026,60,0.060,19,0.019,209.510,1005
"ARG","USA",976,"1980","2e3",976,3319,3319.000,41885.037,0.003,-0.001,29,0.030,18,0.018,233.387,976
"ARG","USA",833,"1980","2e3",833,3320,3320.000,120323.759,0.006,0.081,75,0.090,20,0.024,4622.471,833
"ARG","TUN",696,"1980","2e3",696,3411,3411.000,147184.487,0.013,0.096,74,0.106,14,0.020,2586.481,696
"ARG","USA",959,"1980","2e3",959,3412,3412.000,55760.012,0.003,0.096,47,0.049,20,0.021,528.224,959
"ARG","USA",892,"1980","2e3",892,3419,3419.000,19013.907,0.000,0.034,22,0.025,17,0.019,136.691,892
"ARG","TUN",944,"1980","2e3",944,3420,3420.000,106423.070,0.005,0.083,77,0.082,20,0.021,2944.457,944
"ARG","TUN",767,"1980","2e3",767,3511,3511.000,173487.622,0.025,0.058,89,0.116,16,0.021,4344.946,767
"ARG","TUN",921,"1980","2e3",921,3512,3512.000,119492.875,0.020,0.038,53,0.058,18,0.020,1972.248,921
"ARG","TUN",759,"1980","2e3",759,3513,3513.000,154131.154,0.012,0.100,68,0.090,14,0.018,2553.646,759
"ARG","USA",949,"1980","2e3",949,3521,3521.000,81393.648,0.002,0.081,49,0.052,20,0.021,1243.748,949
"ARG","TUN",830,"1980","2e3",830,3522,3522.000,99314.441,0.011,0.091,59,0.071,16,0.019,1618.996,830
"ARG","USA",961,"1980","2e3",961,3523,3523.000,109809.174,0.006,0.074,88,0.092,19,0.020,2325.174,961
"ARG","TUN",895,"1980","2e3",895,3529,3529.000,81184.919,0.004,0.081,82,0.092,18,0.020,1239.520,895
"ARG","TUN",656,"1980","2e3",656,3530,3530.000,218148.602,0.049,-0.019,55,0.084,16,0.024,7259.640,656
"ARG","USA",826,"1980","2e3",826,3540,3540.000,67948.847,0.001,-0.004,8,0.010,15,0.018,724.348,826
"ARG","USA",812,"1980","2e3",812,3551,3551.000,87818.249,0.004,0.061,59,0.073,16,0.020,883.420,812
"ARG","USA",907,"1980","2e3",907,3559,3559.000,72279.008,0.003,0.048,60,0.066,16,0.018,385.937,907
"ARG","USA",852,"1980","2e3",852,3560,3560.000,137742.065,0.009,0.109,77,0.090,18,0.021,3457.838,852
"ARG","USA",962,"1980","2e3",962,3610,3610.000,114569.169,0.003,0.078,43,0.045,16,0.017,611.668,962
"ARG","USA",897,"1980","2e3",897,3620,3620.000,109802.426,0.005,0.033,69,0.077,18,0.020,2010.101,897
"ARG","USA",928,"1980","2e3",928,3691,3691.000,54947.862,0.002,0.061,39,0.042,18,0.019,920.587,928
"ARG","USA",936,"1980","2e3",936,3692,3692.000,46095.866,0.004,0.010,39,0.042,20,0.021,1370.014,936
"ARG","USA",913,"1980","2e3",913,3699,3699.000,76709.954,0.003,0.040,72,0.079,19,0.021,2295.687,913
"ARG","USA",678,"1980","2e3",678,3710,3710.000,170386.022,0.018,0.063,70,0.103,12,0.018,4629.264,678
"ARG","TUN",678,"1980","2e3",678,3720,3720.000,203014.250,0.078,0.080,69,0.102,14,0.021,5908.989,678
"ARG","TUN",824,"1980","2e3",824,3811,3811.000,80335.498,0.004,0.090,80,0.097,18,0.022,2360.076,824
"ARG","USA",904,"1980","2e3",904,3812,3812.000,72003.395,0.001,0.067,46,0.051,18,0.020,387.900,904
"ARG","USA",884,"1980","2e3",884,3813,3813.000,103612.671,0.004,0.055,69,0.078,18,0.020,858.596,884
"ARG","TUN",846,"1980","2e3",846,3819,3819.000,113521.034,0.010,0.087,91,0.108,16,0.019,1597.150,846
"ARG","TUN",791,"1980","2e3",791,3821,3821.000,71879.802,0.002,-0.074,67,0.085,17,0.021,572.254,791
"ARG","TUN",789,"1980","2e3",789,3822,3822.000,57457.649,0.002,-0.049,48,0.061,16,0.020,925.626,789
"ARG","TUN",784,"1980","2e3",784,3823,3823.000,80443.099,0.003,0.076,62,0.079,16,0.020,1174.535,784
"ARG","TUN",707,"1980","2e3",707,3824,3824.000,107850.220,0.010,0.043,64,0.091,14,0.020,2201.454,707
"ARG","TUN",648,"1980","2e3",648,3825,3825.000,118421.164,0.009,0.115,56,0.086,14,0.022,2623.918,648
"ARG","TUN",665,"1980","2e3",665,3829,3829.000,132093.024,0.013,0.064,68,0.102,12,0.018,2744.128,665
"ARG","TUN",668,"1980","2e3",668,3831,3831.000,122201.343,0.012,0.089,68,0.102,14,0.021,2507.895,668
"ARG","TUN",541,"1980","2e3",541,3832,3832.000,109173.588,0.013,0.102,58,0.107,12,0.022,3757.435,541
"ARG","USA",812,"1980","2e3",812,3833,3833.000,108901.819,0.002,0.103,38,0.047,15,0.018,1408.163,812
"ARG","TUN",775,"1980","2e3",775,3839,3839.000,152633.868,0.010,0.070,70,0.090,16,0.021,1166.081,775
"ARG","USA",781,"1980","2e3",781,3841,3841.000,129137.743,0.012,-0.069,57,0.073,10,0.013,1159.250,781
"ARG","USA",739,"1980","2e3",739,3842,3842.000,85394.380,0.001,-0.092,15,0.020,18,0.024,612.740,739
"ARG","TUN",653,"1980","2e3",653,3843,3843.000,127976.227,0.012,0.064,66,0.101,12,0.018,1232.524,653
"ARG","USA",871,"1980","2e3",871,3844,3844.000,51253.515,0.001,0.017,49,0.056,16,0.018,478.912,871
"ARG","TUN",772,"1980","2e3",772,3845,3845.000,110608.292,0.012,-0.015,50,0.065,18,0.023,3380.163,772
"ARG","USA",682,"1980","2e3",682,3849,3849.000,9257.212,0.000,-0.081,0,0.000,12,0.018,25.569,682
"ARG","TUN",764,"1980","2e3",764,3851,3851.000,105323.337,0.006,0.077,65,0.085,16,0.021,1309.146,764
"ARG","TUN",812,"1980","2e3",812,3852,3852.000,98985.186,0.003,0.068,51,0.063,15,0.018,620.623,812
"ARG","USA",862,"1980","2e3",862,3853,3853.000,55355.126,0.001,0.029,33,0.038,13,0.015,321.960,862
"ARG","TUN",879,"1980","2e3",879,3901,3901.000,91536.906,0.015,0.028,38,0.043,20,0.023,2289.857,879
"ARG","USA",929,"1980","2e3",929,3902,3902.000,53720.944,0.000,0.009,47,0.051,16,0.017,197.119,929
"ARG","USA",888,"1980","2e3",888,3903,3903.000,79350.387,0.001,0.066,34,0.038,18,0.020,1427.861,888
"ARG","TUN",851,"1980","2e3",851,3909,3909.000,93329.621,0.009,0.051,84,0.099,16,0.019,1071.141,851
